
m p n_1
3 5 34
3 7 46
3 11 82
3 13 70

m p n_1
4 7 61
4 11 109
4 13 93
4 17 69
4 19 197

m p n_1
5 7 46
5 11 61
5 13 86
5 17 101
5 19 56
5 23 171
5 29 216
5 31 76

m p n_1
6 11 73
6 13 103
6 17 121
6 19 67
6 23 205
6 29 259
6 31 91
6 37 343
6 41 157
6 43 109

m p n_1
7 11 85
7 13 120
7 17 141
7 19 78
7 23 239
7 29 302
7 31 106
7 37 400
7 41 183
7 43 127
7 47 134
7 53 211

m p n_1
8 11 97
8 13 137
8 17 161
8 19 89
8 23 273
8 29 345
8 31 121
8 37 457
8 41 209
8 43 145
8 47 153
8 53 241
8 59 3201
8 61 177
8 67 617
8 71 193
8 73 281

m p n_1
9 11 109
9 13 154
9 17 181
9 19 100
9 23 307
9 29 388
9 31 136
9 37 514
9 41 235
9 43 163
9 47 172
9 53 271
9 59 3601
9 61 199
9 67 694
9 71 217
9 73 316
9 79 622
9 83 334
9 89 3331

m p n_1
10 13 171
10 17 201
10 19 111
10 23 341
10 29 431
10 31 151
10 37 571
10 41 261
10 43 181
10 47 191
10 53 301
10 59 4001
10 61 221
10 67 771
10 71 241
10 73 351
10 79 691
10 83 371
10 89 3701
10 97 4651
10 101 951
10 103 1611
10 107 871
10 109 621

m p n_1
11 13 188
11 17 221
11 19 122
11 23 375
11 29 474
11 31 166
11 37 628
11 41 287
11 43 199
11 47 210
11 53 331
11 59 4401
11 61 243
11 67 848
11 71 265
11 73 386
11 79 760
11 83 408
11 89 4071
11 97 5116
11 101 1046
11 103 1772
11 107 958
11 109 683
11 113 2245
11 127 2982
11 131 4995

m p n_1
12 17 241
12 19 133
12 23 409
12 29 517
12 31 181
12 37 685
12 41 313
12 43 217
12 47 229
12 53 361
12 59 4801
12 61 265
12 67 925
12 71 289
12 73 421
12 79 829
12 83 445
12 89 4441
12 97 5581
12 101 1141
12 103 1933
12 107 1045
12 109 745
12 113 2449
12 127 3253
12 131 5449
12 137 1249
12 139 5269
12 149 577
12 151 4249
12 157 2785

m p n_1
13 17 261
13 19 144
13 23 443
13 29 560
13 31 196
13 37 742
13 41 339
13 43 235
13 47 248
13 53 391
13 59 5201
13 61 287
13 67 1002
13 71 313
13 73 456
13 79 898
13 83 482
13 89 4811
13 97 6046
13 101 1236
13 103 2094
13 107 1132
13 109 807
13 113 2653
13 127 3524
13 131 5903
13 137 1353
13 139 5708
13 149 625
13 151 4603
13 157 3017
13 163 651
13 167 781
13 173 2107
13 179 677
13 181 2406

m p n_1
14 17 281
14 19 155
14 23 477
14 29 603
14 31 211
14 37 799
14 41 365
14 43 253
14 47 267
14 53 421
14 59 5601
14 61 309
14 67 1079
14 71 337
14 73 491
14 79 967
14 83 519
14 89 5181
14 97 6511
14 101 1331
14 103 2255
14 107 1219
14 109 869
14 113 2857
14 127 3795
14 131 6357
14 137 1457
14 139 6147
14 149 673
14 151 4957
14 157 3249
14 163 701
14 167 841
14 173 2269
14 179 729
14 181 2591
14 191 995
14 193 2227
14 197 1667
14 199 2297
14 211 1751

m p n_1
15 17 301
15 19 166
15 23 511
15 29 646
15 31 226
15 37 856
15 41 391
15 43 271
15 47 286
15 53 451
15 59 6001
15 61 331
15 67 1156
15 71 361
15 73 526
15 79 1036
15 83 556
15 89 5551
15 97 6976
15 101 1426
15 103 2416
15 107 1306
15 109 931
15 113 3061
15 127 4066
15 131 6811
15 137 1561
15 139 6586
15 149 721
15 151 5311
15 157 3481
15 163 751
15 167 901
15 173 2431
15 179 781
15 181 2776
15 191 1066
15 193 2386
15 197 1786
15 199 2461
15 211 1876
15 223 9631
15 227 1336
15 229 3676
15 233 1636
15 239 4441
15 241 886

m p n_1
16 19 177
16 23 545
16 29 689
16 31 241
16 37 913
16 41 417
16 43 289
16 47 305
16 53 481
16 59 6401
16 61 353
16 67 1233
16 71 385
16 73 561
16 79 1105
16 83 593
16 89 5921
16 97 7441
16 101 1521
16 103 2577
16 107 1393
16 109 993
16 113 3265
16 127 4337
16 131 7265
16 137 1665
16 139 7025
16 149 769
16 151 5665
16 157 3713
16 163 801
16 167 961
16 173 2593
16 179 833
16 181 2961
16 191 1137
16 193 2545
16 197 1905
16 199 2625
16 211 2001
16 223 10273
16 227 1425
16 229 3921
16 233 1745
16 239 4737
16 241 945
16 251 1569
16 257 3249
16 263 1825
16 269 12865
16 271 6977

m p n_1
17 19 188
17 23 579
17 29 732
17 31 256
17 37 970
17 41 443
17 43 307
17 47 324
17 53 511
17 59 6801
17 61 375
17 67 1310
17 71 409
17 73 596
17 79 1174
17 83 630
17 89 6291
17 97 7906
17 101 1616
17 103 2738
17 107 1480
17 109 1055
17 113 3469
17 127 4608
17 131 7719
17 137 1769
17 139 7464
17 149 817
17 151 6019
17 157 3945
17 163 851
17 167 1021
17 173 2755
17 179 885
17 181 3146
17 191 1208
17 193 2704
17 197 2024
17 199 2789
17 211 2126
17 223 10915
17 227 1514
17 229 4166
17 233 1854
17 239 5033
17 241 1004
17 251 1667
17 257 3452
17 263 1939
17 269 13669
17 271 7413
17 277 12785
17 281 7719
17 283 4455
17 293 3605
17 307 3044

m p n_1
18 23 613
18 29 775
18 31 271
18 37 1027
18 41 469
18 43 325
18 47 343
18 53 541
18 59 7201
18 61 397
18 67 1387
18 71 433
18 73 631
18 79 1243
18 83 667
18 89 6661
18 97 8371
18 101 1711
18 103 2899
18 107 1567
18 109 1117
18 113 3673
18 127 4879
18 131 8173
18 137 1873
18 139 7903
18 149 865
18 151 6373
18 157 4177
18 163 901
18 167 1081
18 173 2917
18 179 937
18 181 3331
18 191 1279
18 193 2863
18 197 2143
18 199 2953
18 211 2251
18 223 11557
18 227 1603
18 229 4411
18 233 1963
18 239 5329
18 241 1063
18 251 1765
18 257 3655
18 263 2053
18 269 14473
18 271 7849
18 277 13537
18 281 8173
18 283 4717
18 293 3817
18 307 3223
18 311 2809
18 313 2341
18 317 1819
18 331 4735
18 337 6643

m p n_1
19 23 647
19 29 818
19 31 286
19 37 1084
19 41 495
19 43 343
19 47 362
19 53 571
19 59 7601
19 61 419
19 67 1464
19 71 457
19 73 666
19 79 1312
19 83 704
19 89 7031
19 97 8836
19 101 1806
19 103 3060
19 107 1654
19 109 1179
19 113 3877
19 127 5150
19 131 8627
19 137 1977
19 139 8342
19 149 913
19 151 6727
19 157 4409
19 163 951
19 167 1141
19 173 3079
19 179 989
19 181 3516
19 191 1350
19 193 3022
19 197 2262
19 199 3117
19 211 2376
19 223 12199
19 227 1692
19 229 4656
19 233 2072
19 239 5625
19 241 1122
19 251 1863
19 257 3858
19 263 2167
19 269 15277
19 271 8285
19 277 14289
19 281 8627
19 283 4979
19 293 4029
19 307 3402
19 311 2965
19 313 2471
19 317 1920
19 331 4998
19 337 7012
19 347 7829
19 349 11154
19 353 10584
19 359 14479
19 367 1559
19 373 8931
19 379 2053

m p n_1
20 23 681
20 29 861
20 31 301
20 37 1141
20 41 521
20 43 361
20 47 381
20 53 601
20 59 8001
20 61 441
20 67 1541
20 71 481
20 73 701
20 79 1381
20 83 741
20 89 7401
20 97 9301
20 101 1901
20 103 3221
20 107 1741
20 109 1241
20 113 4081
20 127 5421
20 131 9081
20 137 2081
20 139 8781
20 149 961
20 151 7081
20 157 4641
20 163 1001
20 167 1201
20 173 3241
20 179 1041
20 181 3701
20 191 1421
20 193 3181
20 197 2381
20 199 3281
20 211 2501
20 223 12841
20 227 1781
20 229 4901
20 233 2181
20 239 5921
20 241 1181
20 251 1961
20 257 4061
20 263 2281
20 269 16081
20 271 8721
20 277 15041
20 281 9081
20 283 5241
20 293 4241
20 307 3581
20 311 3121
20 313 2601
20 317 2021
20 331 5261
20 337 7381
20 347 8241
20 349 11741
20 353 11141
20 359 15241
20 367 1641
20 373 9401
20 379 2161
20 383 8301
20 389 3881
20 397 23701
20 401 19601
20 409 3761
20 419 13801
20 421 3061

m p n_1
21 23 715
21 29 904
21 31 316
21 37 1198
21 41 547
21 43 379
21 47 400
21 53 631
21 59 8401
21 61 463
21 67 1618
21 71 505
21 73 736
21 79 1450
21 83 778
21 89 7771
21 97 9766
21 101 1996
21 103 3382
21 107 1828
21 109 1303
21 113 4285
21 127 5692
21 131 9535
21 137 2185
21 139 9220
21 149 1009
21 151 7435
21 157 4873
21 163 1051
21 167 1261
21 173 3403
21 179 1093
21 181 3886
21 191 1492
21 193 3340
21 197 2500
21 199 3445
21 211 2626
21 223 13483
21 227 1870
21 229 5146
21 233 2290
21 239 6217
21 241 1240
21 251 2059
21 257 4264
21 263 2395
21 269 16885
21 271 9157
21 277 15793
21 281 9535
21 283 5503
21 293 4453
21 307 3760
21 311 3277
21 313 2731
21 317 2122
21 331 5524
21 337 7750
21 347 8653
21 349 12328
21 353 11698
21 359 16003
21 367 1723
21 373 9871
21 379 2269
21 383 8716
21 389 4075
21 397 24886
21 401 20581
21 409 3949
21 419 14491
21 421 3214
21 431 4852
21 433 11278
21 439 10312
21 443 2899
21 449 11572
21 457 5797
21 461 11929
21 463 1219

m p n_1
22 29 947
22 31 331
22 37 1255
22 41 573
22 43 397
22 47 419
22 53 661
22 59 8801
22 61 485
22 67 1695
22 71 529
22 73 771
22 79 1519
22 83 815
22 89 8141
22 97 10231
22 101 2091
22 103 3543
22 107 1915
22 109 1365
22 113 4489
22 127 5963
22 131 9989
22 137 2289
22 139 9659
22 149 1057
22 151 7789
22 157 5105
22 163 1101
22 167 1321
22 173 3565
22 179 1145
22 181 4071
22 191 1563
22 193 3499
22 197 2619
22 199 3609
22 211 2751
22 223 14125
22 227 1959
22 229 5391
22 233 2399
22 239 6513
22 241 1299
22 251 2157
22 257 4467
22 263 2509
22 269 17689
22 271 9593
22 277 16545
22 281 9989
22 283 5765
22 293 4665
22 307 3939
22 311 3433
22 313 2861
22 317 2223
22 331 5787
22 337 8119
22 347 9065
22 349 12915
22 353 12255
22 359 16765
22 367 1805
22 373 10341
22 379 2377
22 383 9131
22 389 4269
22 397 26071
22 401 21561
22 409 4137
22 419 15181
22 421 3367
22 431 5083
22 433 11815
22 439 10803
22 443 3037
22 449 12123
22 457 6073
22 461 12497
22 463 1277
22 467 1981
22 479 11067
22 487 17953
22 491 7217
22 499 4049
22 503 3587

m p n_1
23 29 990
23 31 346
23 37 1312
23 41 599
23 43 415
23 47 438
23 53 691
23 59 9201
23 61 507
23 67 1772
23 71 553
23 73 806
23 79 1588
23 83 852
23 89 8511
23 97 10696
23 101 2186
23 103 3704
23 107 2002
23 109 1427
23 113 4693
23 127 6234
23 131 10443
23 137 2393
23 139 10098
23 149 1105
23 151 8143
23 157 5337
23 163 1151
23 167 1381
23 173 3727
23 179 1197
23 181 4256
23 191 1634
23 193 3658
23 197 2738
23 199 3773
23 211 2876
23 223 14767
23 227 2048
23 229 5636
23 233 2508
23 239 6809
23 241 1358
23 251 2255
23 257 4670
23 263 2623
23 269 18493
23 271 10029
23 277 17297
23 281 10443
23 283 6027
23 293 4877
23 307 4118
23 311 3589
23 313 2991
23 317 2324
23 331 6050
23 337 8488
23 347 9477
23 349 13502
23 353 12812
23 359 17527
23 367 1887
23 373 10811
23 379 2485
23 383 9546
23 389 4463
23 397 27256
23 401 22541
23 409 4325
23 419 15871
23 421 3520
23 431 5314
23 433 12352
23 439 11294
23 443 3175
23 449 12674
23 457 6349
23 461 13065
23 463 1335
23 467 2071
23 479 11570
23 487 18769
23 491 7545
23 499 4233
23 503 3750
23 509 7315
23 521 4808
23 523 1404
23 541 22104
23 547 16009

m p n_1
24 29 1033
24 31 361
24 37 1369
24 41 625
24 43 433
24 47 457
24 53 721
24 59 9601
24 61 529
24 67 1849
24 71 577
24 73 841
24 79 1657
24 83 889
24 89 8881
24 97 11161
24 101 2281
24 103 3865
24 107 2089
24 109 1489
24 113 4897
24 127 6505
24 131 10897
24 137 2497
24 139 10537
24 149 1153
24 151 8497
24 157 5569
24 163 1201
24 167 1441
24 173 3889
24 179 1249
24 181 4441
24 191 1705
24 193 3817
24 197 2857
24 199 3937
24 211 3001
24 223 15409
24 227 2137
24 229 5881
24 233 2617
24 239 7105
24 241 1417
24 251 2353
24 257 4873
24 263 2737
24 269 19297
24 271 10465
24 277 18049
24 281 10897
24 283 6289
24 293 5089
24 307 4297
24 311 3745
24 313 3121
24 317 2425
24 331 6313
24 337 8857
24 347 9889
24 349 14089
24 353 13369
24 359 18289
24 367 1969
24 373 11281
24 379 2593
24 383 9961
24 389 4657
24 397 28441
24 401 23521
24 409 4513
24 419 16561
24 421 3673
24 431 5545
24 433 12889
24 439 11785
24 443 3313
24 449 13225
24 457 6625
24 461 13633
24 463 1393
24 467 2161
24 479 12073
24 487 19585
24 491 7873
24 499 4417
24 503 3913
24 509 7633
24 521 5017
24 523 1465
24 541 23065
24 547 16705
24 557 11281
24 563 12577
24 569 9937
24 571 33313
24 577 6913
24 587 18985
24 593 22225
24 599 5593
24 601 26857

m p n_1
25 29 1076
25 31 376
25 37 1426
25 41 651
25 43 451
25 47 476
25 53 751
25 59 10001
25 61 551
25 67 1926
25 71 601
25 73 876
25 79 1726
25 83 926
25 89 9251
25 97 11626
25 101 2376
25 103 4026
25 107 2176
25 109 1551
25 113 5101
25 127 6776
25 131 11351
25 137 2601
25 139 10976
25 149 1201
25 151 8851
25 157 5801
25 163 1251
25 167 1501
25 173 4051
25 179 1301
25 181 4626
25 191 1776
25 193 3976
25 197 2976
25 199 4101
25 211 3126
25 223 16051
25 227 2226
25 229 6126
25 233 2726
25 239 7401
25 241 1476
25 251 2451
25 257 5076
25 263 2851
25 269 20101
25 271 10901
25 277 18801
25 281 11351
25 283 6551
25 293 5301
25 307 4476
25 311 3901
25 313 3251
25 317 2526
25 331 6576
25 337 9226
25 347 10301
25 349 14676
25 353 13926
25 359 19051
25 367 2051
25 373 11751
25 379 2701
25 383 10376
25 389 4851
25 397 29626
25 401 24501
25 409 4701
25 419 17251
25 421 3826
25 431 5776
25 433 13426
25 439 12276
25 443 3451
25 449 13776
25 457 6901
25 461 14201
25 463 1451
25 467 2251
25 479 12576
25 487 20401
25 491 8201
25 499 4601
25 503 4076
25 509 7951
25 521 5226
25 523 1526
25 541 24026
25 547 17401
25 557 11751
25 563 13101
25 569 10351
25 571 34701
25 577 7201
25 587 19776
25 593 23151
25 599 5826
25 601 27976
25 607 8501
25 613 22301
25 617 2501
25 619 4776
25 631 65126
25 641 23226
25 643 6376
25 647 3651

m p n_1
26 29 1119
26 31 391
26 37 1483
26 41 677
26 43 469
26 47 495
26 53 781
26 59 10401
26 61 573
26 67 2003
26 71 625
26 73 911
26 79 1795
26 83 963
26 89 9621
26 97 12091
26 101 2471
26 103 4187
26 107 2263
26 109 1613
26 113 5305
26 127 7047
26 131 11805
26 137 2705
26 139 11415
26 149 1249
26 151 9205
26 157 6033
26 163 1301
26 167 1561
26 173 4213
26 179 1353
26 181 4811
26 191 1847
26 193 4135
26 197 3095
26 199 4265
26 211 3251
26 223 16693
26 227 2315
26 229 6371
26 233 2835
26 239 7697
26 241 1535
26 251 2549
26 257 5279
26 263 2965
26 269 20905
26 271 11337
26 277 19553
26 281 11805
26 283 6813
26 293 5513
26 307 4655
26 311 4057
26 313 3381
26 317 2627
26 331 6839
26 337 9595
26 347 10713
26 349 15263
26 353 14483
26 359 19813
26 367 2133
26 373 12221
26 379 2809
26 383 10791
26 389 5045
26 397 30811
26 401 25481
26 409 4889
26 419 17941
26 421 3979
26 431 6007
26 433 13963
26 439 12767
26 443 3589
26 449 14327
26 457 7177
26 461 14769
26 463 1509
26 467 2341
26 479 13079
26 487 21217
26 491 8529
26 499 4785
26 503 4239
26 509 8269
26 521 5435
26 523 1587
26 541 24987
26 547 18097
26 557 12221
26 563 13625
26 569 10765
26 571 36089
26 577 7489
26 587 20567
26 593 24077
26 599 6059
26 601 29095
26 607 8841
26 613 23193
26 617 2601
26 619 4967
26 631 67731
26 641 24155
26 643 6631
26 647 3797
26 653 51299
26 659 30603
26 661 1743
26 673 12455
26 677 41263
26 683 22543
26 691 10089
26 701 5695

m p n_1
27 29 1162
27 31 406
27 37 1540
27 41 703
27 43 487
27 47 514
27 53 811
27 59 10801
27 61 595
27 67 2080
27 71 649
27 73 946
27 79 1864
27 83 1000
27 89 9991
27 97 12556
27 101 2566
27 103 4348
27 107 2350
27 109 1675
27 113 5509
27 127 7318
27 131 12259
27 137 2809
27 139 11854
27 149 1297
27 151 9559
27 157 6265
27 163 1351
27 167 1621
27 173 4375
27 179 1405
27 181 4996
27 191 1918
27 193 4294
27 197 3214
27 199 4429
27 211 3376
27 223 17335
27 227 2404
27 229 6616
27 233 2944
27 239 7993
27 241 1594
27 251 2647
27 257 5482
27 263 3079
27 269 21709
27 271 11773
27 277 20305
27 281 12259
27 283 7075
27 293 5725
27 307 4834
27 311 4213
27 313 3511
27 317 2728
27 331 7102
27 337 9964
27 347 11125
27 349 15850
27 353 15040
27 359 20575
27 367 2215
27 373 12691
27 379 2917
27 383 11206
27 389 5239
27 397 31996
27 401 26461
27 409 5077
27 419 18631
27 421 4132
27 431 6238
27 433 14500
27 439 13258
27 443 3727
27 449 14878
27 457 7453
27 461 15337
27 463 1567
27 467 2431
27 479 13582
27 487 22033
27 491 8857
27 499 4969
27 503 4402
27 509 8587
27 521 5644
27 523 1648
27 541 25948
27 547 18793
27 557 12691
27 563 14149
27 569 11179
27 571 37477
27 577 7777
27 587 21358
27 593 25003
27 599 6292
27 601 30214
27 607 9181
27 613 24085
27 617 2701
27 619 5158
27 631 70336
27 641 25084
27 643 6886
27 647 3943
27 653 53272
27 659 31780
27 661 1810
27 673 12934
27 677 42850
27 683 23410
27 691 10477
27 701 5914
27 709 3673
27 719 5617
27 727 9397
27 733 8020
27 739 68689
27 743 18199
27 751 43147
27 757 11881

m p n_1
28 31 421
28 37 1597
28 41 729
28 43 505
28 47 533
28 53 841
28 59 11201
28 61 617
28 67 2157
28 71 673
28 73 981
28 79 1933
28 83 1037
28 89 10361
28 97 13021
28 101 2661
28 103 4509
28 107 2437
28 109 1737
28 113 5713
28 127 7589
28 131 12713
28 137 2913
28 139 12293
28 149 1345
28 151 9913
28 157 6497
28 163 1401
28 167 1681
28 173 4537
28 179 1457
28 181 5181
28 191 1989
28 193 4453
28 197 3333
28 199 4593
28 211 3501
28 223 17977
28 227 2493
28 229 6861
28 233 3053
28 239 8289
28 241 1653
28 251 2745
28 257 5685
28 263 3193
28 269 22513
28 271 12209
28 277 21057
28 281 12713
28 283 7337
28 293 5937
28 307 5013
28 311 4369
28 313 3641
28 317 2829
28 331 7365
28 337 10333
28 347 11537
28 349 16437
28 353 15597
28 359 21337
28 367 2297
28 373 13161
28 379 3025
28 383 11621
28 389 5433
28 397 33181
28 401 27441
28 409 5265
28 419 19321
28 421 4285
28 431 6469
28 433 15037
28 439 13749
28 443 3865
28 449 15429
28 457 7729
28 461 15905
28 463 1625
28 467 2521
28 479 14085
28 487 22849
28 491 9185
28 499 5153
28 503 4565
28 509 8905
28 521 5853
28 523 1709
28 541 26909
28 547 19489
28 557 13161
28 563 14673
28 569 11593
28 571 38865
28 577 8065
28 587 22149
28 593 25929
28 599 6525
28 601 31333
28 607 9521
28 613 24977
28 617 2801
28 619 5349
28 631 72941
28 641 26013
28 643 7141
28 647 4089
28 653 55245
28 659 32957
28 661 1877
28 673 13413
28 677 44437
28 683 24277
28 691 10865
28 701 6133
28 709 3809
28 719 5825
28 727 9745
28 733 8317
28 739 71233
28 743 18873
28 751 44745
28 757 12321
28 761 13133
28 769 15037
28 773 3389
28 787 19629
28 797 13049
28 809 38501
28 811 12517

m p n_1
29 31 436
29 37 1654
29 41 755
29 43 523
29 47 552
29 53 871
29 59 11601
29 61 639
29 67 2234
29 71 697
29 73 1016
29 79 2002
29 83 1074
29 89 10731
29 97 13486
29 101 2756
29 103 4670
29 107 2524
29 109 1799
29 113 5917
29 127 7860
29 131 13167
29 137 3017
29 139 12732
29 149 1393
29 151 10267
29 157 6729
29 163 1451
29 167 1741
29 173 4699
29 179 1509
29 181 5366
29 191 2060
29 193 4612
29 197 3452
29 199 4757
29 211 3626
29 223 18619
29 227 2582
29 229 7106
29 233 3162
29 239 8585
29 241 1712
29 251 2843
29 257 5888
29 263 3307
29 269 23317
29 271 12645
29 277 21809
29 281 13167
29 283 7599
29 293 6149
29 307 5192
29 311 4525
29 313 3771
29 317 2930
29 331 7628
29 337 10702
29 347 11949
29 349 17024
29 353 16154
29 359 22099
29 367 2379
29 373 13631
29 379 3133
29 383 12036
29 389 5627
29 397 34366
29 401 28421
29 409 5453
29 419 20011
29 421 4438
29 431 6700
29 433 15574
29 439 14240
29 443 4003
29 449 15980
29 457 8005
29 461 16473
29 463 1683
29 467 2611
29 479 14588
29 487 23665
29 491 9513
29 499 5337
29 503 4728
29 509 9223
29 521 6062
29 523 1770
29 541 27870
29 547 20185
29 557 13631
29 563 15197
29 569 12007
29 571 40253
29 577 8353
29 587 22940
29 593 26855
29 599 6758
29 601 32452
29 607 9861
29 613 25869
29 617 2901
29 619 5540
29 631 75546
29 641 26942
29 643 7396
29 647 4235
29 653 57218
29 659 34134
29 661 1944
29 673 13892
29 677 46024
29 683 25144
29 691 11253
29 701 6352
29 709 3945
29 719 6033
29 727 10093
29 733 8614
29 739 73777
29 743 19547
29 751 46343
29 757 12761
29 761 13602
29 769 15574
29 773 3510
29 787 20330
29 797 13515
29 809 39876
29 811 12964
29 821 5598
29 823 5859
29 827 21606
29 829 19866
29 839 30480
29 853 45676
29 857 23433
29 859 14936
29 863 3655

m p n_1
30 37 1711
30 41 781
30 43 541
30 47 571
30 53 901
30 59 12001
30 61 661
30 67 2311
30 71 721
30 73 1051
30 79 2071
30 83 1111
30 89 11101
30 97 13951
30 101 2851
30 103 4831
30 107 2611
30 109 1861
30 113 6121
30 127 8131
30 131 13621
30 137 3121
30 139 13171
30 149 1441
30 151 10621
30 157 6961
30 163 1501
30 167 1801
30 173 4861
30 179 1561
30 181 5551
30 191 2131
30 193 4771
30 197 3571
30 199 4921
30 211 3751
30 223 19261
30 227 2671
30 229 7351
30 233 3271
30 239 8881
30 241 1771
30 251 2941
30 257 6091
30 263 3421
30 269 24121
30 271 13081
30 277 22561
30 281 13621
30 283 7861
30 293 6361
30 307 5371
30 311 4681
30 313 3901
30 317 3031
30 331 7891
30 337 11071
30 347 12361
30 349 17611
30 353 16711
30 359 22861
30 367 2461
30 373 14101
30 379 3241
30 383 12451
30 389 5821
30 397 35551
30 401 29401
30 409 5641
30 419 20701
30 421 4591
30 431 6931
30 433 16111
30 439 14731
30 443 4141
30 449 16531
30 457 8281
30 461 17041
30 463 1741
30 467 2701
30 479 15091
30 487 24481
30 491 9841
30 499 5521
30 503 4891
30 509 9541
30 521 6271
30 523 1831
30 541 28831
30 547 20881
30 557 14101
30 563 15721
30 569 12421
30 571 41641
30 577 8641
30 587 23731
30 593 27781
30 599 6991
30 601 33571
30 607 10201
30 613 26761
30 617 3001
30 619 5731
30 631 78151
30 641 27871
30 643 7651
30 647 4381
30 653 59191
30 659 35311
30 661 2011
30 673 14371
30 677 47611
30 683 26011
30 691 11641
30 701 6571
30 709 4081
30 719 6241
30 727 10441
30 733 8911
30 739 76321
30 743 20221
30 751 47941
30 757 13201
30 761 14071
30 769 16111
30 773 3631
30 787 21031
30 797 13981
30 809 41251
30 811 13411
30 821 5791
30 823 6061
30 827 22351
30 829 20551
30 839 31531
30 853 47251
30 857 24241
30 859 15451
30 863 3781
30 877 15541
30 881 95371
30 883 15571
30 887 45511
30 907 2281
30 911 100081
30 919 3481
30 929 103651

m p n_1
31 37 1768
31 41 807
31 43 559
31 47 590
31 53 931
31 59 12401
31 61 683
31 67 2388
31 71 745
31 73 1086
31 79 2140
31 83 1148
31 89 11471
31 97 14416
31 101 2946
31 103 4992
31 107 2698
31 109 1923
31 113 6325
31 127 8402
31 131 14075
31 137 3225
31 139 13610
31 149 1489
31 151 10975
31 157 7193
31 163 1551
31 167 1861
31 173 5023
31 179 1613
31 181 5736
31 191 2202
31 193 4930
31 197 3690
31 199 5085
31 211 3876
31 223 19903
31 227 2760
31 229 7596
31 233 3380
31 239 9177
31 241 1830
31 251 3039
31 257 6294
31 263 3535
31 269 24925
31 271 13517
31 277 23313
31 281 14075
31 283 8123
31 293 6573
31 307 5550
31 311 4837
31 313 4031
31 317 3132
31 331 8154
31 337 11440
31 347 12773
31 349 18198
31 353 17268
31 359 23623
31 367 2543
31 373 14571
31 379 3349
31 383 12866
31 389 6015
31 397 36736
31 401 30381
31 409 5829
31 419 21391
31 421 4744
31 431 7162
31 433 16648
31 439 15222
31 443 4279
31 449 17082
31 457 8557
31 461 17609
31 463 1799
31 467 2791
31 479 15594
31 487 25297
31 491 10169
31 499 5705
31 503 5054
31 509 9859
31 521 6480
31 523 1892
31 541 29792
31 547 21577
31 557 14571
31 563 16245
31 569 12835
31 571 43029
31 577 8929
31 587 24522
31 593 28707
31 599 7224
31 601 34690
31 607 10541
31 613 27653
31 617 3101
31 619 5922
31 631 80756
31 641 28800
31 643 7906
31 647 4527
31 653 61164
31 659 36488
31 661 2078
31 673 14850
31 677 49198
31 683 26878
31 691 12029
31 701 6790
31 709 4217
31 719 6449
31 727 10789
31 733 9208
31 739 78865
31 743 20895
31 751 49539
31 757 13641
31 761 14540
31 769 16648
31 773 3752
31 787 21732
31 797 14447
31 809 42626
31 811 13858
31 821 5984
31 823 6263
31 827 23096
31 829 21236
31 839 32582
31 853 48826
31 857 25049
31 859 15966
31 863 3907
31 877 16059
31 881 98550
31 883 16090
31 887 47028
31 907 2357
31 911 103417
31 919 3597
31 929 107106
31 937 31559
31 941 3628
31 947 4682
31 953 47865
31 967 11533
31 971 42843
31 977 123536
31 983 64233
31 991 110113

m p n_1
32 37 1825
32 41 833
32 43 577
32 47 609
32 53 961
32 59 12801
32 61 705
32 67 2465
32 71 769
32 73 1121
32 79 2209
32 83 1185
32 89 11841
32 97 14881
32 101 3041
32 103 5153
32 107 2785
32 109 1985
32 113 6529
32 127 8673
32 131 14529
32 137 3329
32 139 14049
32 149 1537
32 151 11329
32 157 7425
32 163 1601
32 167 1921
32 173 5185
32 179 1665
32 181 5921
32 191 2273
32 193 5089
32 197 3809
32 199 5249
32 211 4001
32 223 20545
32 227 2849
32 229 7841
32 233 3489
32 239 9473
32 241 1889
32 251 3137
32 257 6497
32 263 3649
32 269 25729
32 271 13953
32 277 24065
32 281 14529
32 283 8385
32 293 6785
32 307 5729
32 311 4993
32 313 4161
32 317 3233
32 331 8417
32 337 11809
32 347 13185
32 349 18785
32 353 17825
32 359 24385
32 367 2625
32 373 15041
32 379 3457
32 383 13281
32 389 6209
32 397 37921
32 401 31361
32 409 6017
32 419 22081
32 421 4897
32 431 7393
32 433 17185
32 439 15713
32 443 4417
32 449 17633
32 457 8833
32 461 18177
32 463 1857
32 467 2881
32 479 16097
32 487 26113
32 491 10497
32 499 5889
32 503 5217
32 509 10177
32 521 6689
32 523 1953
32 541 30753
32 547 22273
32 557 15041
32 563 16769
32 569 13249
32 571 44417
32 577 9217
32 587 25313
32 593 29633
32 599 7457
32 601 35809
32 607 10881
32 613 28545
32 617 3201
32 619 6113
32 631 83361
32 641 29729
32 643 8161
32 647 4673
32 653 63137
32 659 37665
32 661 2145
32 673 15329
32 677 50785
32 683 27745
32 691 12417
32 701 7009
32 709 4353
32 719 6657
32 727 11137
32 733 9505
32 739 81409
32 743 21569
32 751 51137
32 757 14081
32 761 15009
32 769 17185
32 773 3873
32 787 22433
32 797 14913
32 809 44001
32 811 14305
32 821 6177
32 823 6465
32 827 23841
32 829 21921
32 839 33633
32 853 50401
32 857 25857
32 859 16481
32 863 4033
32 877 16577
32 881 101729
32 883 16609
32 887 48545
32 907 2433
32 911 106753
32 919 3713
32 929 110561
32 937 32577
32 941 3745
32 947 4833
32 953 49409
32 967 11905
32 971 44225
32 977 127521
32 983 66305
32 991 113665
32 997 10113
32 1009 34817
32 1013 29825
32 1019 21569
32 1021 4289
32 1031 2561
32 1033 27457
32 1039 10241
32 1049 22689
32 1051 31297

m p n_1
33 37 1882
33 41 859
33 43 595
33 47 628
33 53 991
33 59 13201
33 61 727
33 67 2542
33 71 793
33 73 1156
33 79 2278
33 83 1222
33 89 12211
33 97 15346
33 101 3136
33 103 5314
33 107 2872
33 109 2047
33 113 6733
33 127 8944
33 131 14983
33 137 3433
33 139 14488
33 149 1585
33 151 11683
33 157 7657
33 163 1651
33 167 1981
33 173 5347
33 179 1717
33 181 6106
33 191 2344
33 193 5248
33 197 3928
33 199 5413
33 211 4126
33 223 21187
33 227 2938
33 229 8086
33 233 3598
33 239 9769
33 241 1948
33 251 3235
33 257 6700
33 263 3763
33 269 26533
33 271 14389
33 277 24817
33 281 14983
33 283 8647
33 293 6997
33 307 5908
33 311 5149
33 313 4291
33 317 3334
33 331 8680
33 337 12178
33 347 13597
33 349 19372
33 353 18382
33 359 25147
33 367 2707
33 373 15511
33 379 3565
33 383 13696
33 389 6403
33 397 39106
33 401 32341
33 409 6205
33 419 22771
33 421 5050
33 431 7624
33 433 17722
33 439 16204
33 443 4555
33 449 18184
33 457 9109
33 461 18745
33 463 1915
33 467 2971
33 479 16600
33 487 26929
33 491 10825
33 499 6073
33 503 5380
33 509 10495
33 521 6898
33 523 2014
33 541 31714
33 547 22969
33 557 15511
33 563 17293
33 569 13663
33 571 45805
33 577 9505
33 587 26104
33 593 30559
33 599 7690
33 601 36928
33 607 11221
33 613 29437
33 617 3301
33 619 6304
33 631 85966
33 641 30658
33 643 8416
33 647 4819
33 653 65110
33 659 38842
33 661 2212
33 673 15808
33 677 52372
33 683 28612
33 691 12805
33 701 7228
33 709 4489
33 719 6865
33 727 11485
33 733 9802
33 739 83953
33 743 22243
33 751 52735
33 757 14521
33 761 15478
33 769 17722
33 773 3994
33 787 23134
33 797 15379
33 809 45376
33 811 14752
33 821 6370
33 823 6667
33 827 24586
33 829 22606
33 839 34684
33 853 51976
33 857 26665
33 859 16996
33 863 4159
33 877 17095
33 881 104908
33 883 17128
33 887 50062
33 907 2509
33 911 110089
33 919 3829
33 929 114016
33 937 33595
33 941 3862
33 947 4984
33 953 50953
33 967 12277
33 971 45607
33 977 131506
33 983 68377
33 991 117217
33 997 10429
33 1009 35905
33 1013 30757
33 1019 22243
33 1021 4423
33 1031 2641
33 1033 28315
33 1039 10561
33 1049 23398
33 1051 32275
33 1061 5743
33 1063 124444
33 1069 8053
33 1087 13465
33 1091 80356
33 1093 220309
33 1097 68674
33 1103 45376
33 1109 3532
33 1117 99430
33 1123 26830

m p n_1
34 37 1939
34 41 885
34 43 613
34 47 647
34 53 1021
34 59 13601
34 61 749
34 67 2619
34 71 817
34 73 1191
34 79 2347
34 83 1259
34 89 12581
34 97 15811
34 101 3231
34 103 5475
34 107 2959
34 109 2109
34 113 6937
34 127 9215
34 131 15437
34 137 3537
34 139 14927
34 149 1633
34 151 12037
34 157 7889
34 163 1701
34 167 2041
34 173 5509
34 179 1769
34 181 6291
34 191 2415
34 193 5407
34 197 4047
34 199 5577
34 211 4251
34 223 21829
34 227 3027
34 229 8331
34 233 3707
34 239 10065
34 241 2007
34 251 3333
34 257 6903
34 263 3877
34 269 27337
34 271 14825
34 277 25569
34 281 15437
34 283 8909
34 293 7209
34 307 6087
34 311 5305
34 313 4421
34 317 3435
34 331 8943
34 337 12547
34 347 14009
34 349 19959
34 353 18939
34 359 25909
34 367 2789
34 373 15981
34 379 3673
34 383 14111
34 389 6597
34 397 40291
34 401 33321
34 409 6393
34 419 23461
34 421 5203
34 431 7855
34 433 18259
34 439 16695
34 443 4693
34 449 18735
34 457 9385
34 461 19313
34 463 1973
34 467 3061
34 479 17103
34 487 27745
34 491 11153
34 499 6257
34 503 5543
34 509 10813
34 521 7107
34 523 2075
34 541 32675
34 547 23665
34 557 15981
34 563 17817
34 569 14077
34 571 47193
34 577 9793
34 587 26895
34 593 31485
34 599 7923
34 601 38047
34 607 11561
34 613 30329
34 617 3401
34 619 6495
34 631 88571
34 641 31587
34 643 8671
34 647 4965
34 653 67083
34 659 40019
34 661 2279
34 673 16287
34 677 53959
34 683 29479
34 691 13193
34 701 7447
34 709 4625
34 719 7073
34 727 11833
34 733 10099
34 739 86497
34 743 22917
34 751 54333
34 757 14961
34 761 15947
34 769 18259
34 773 4115
34 787 23835
34 797 15845
34 809 46751
34 811 15199
34 821 6563
34 823 6869
34 827 25331
34 829 23291
34 839 35735
34 853 53551
34 857 27473
34 859 17511
34 863 4285
34 877 17613
34 881 108087
34 883 17647
34 887 51579
34 907 2585
34 911 113425
34 919 3945
34 929 117471
34 937 34613
34 941 3979
34 947 5135
34 953 52497
34 967 12649
34 971 46989
34 977 135491
34 983 70449
34 991 120769
34 997 10745
34 1009 36993
34 1013 31689
34 1019 22917
34 1021 4557
34 1031 2721
34 1033 29173
34 1039 10881
34 1049 24107
34 1051 33253
34 1061 5917
34 1063 128215
34 1069 8297
34 1087 13873
34 1091 82791
34 1093 226985
34 1097 70755
34 1103 46751
34 1109 3639
34 1117 102443
34 1123 27643
34 1129 54673
34 1151 32709
34 1153 24515
34 1163 23529
34 1171 2857
34 1181 7039
34 1187 27303

m p n_1
35 37 1996
35 41 911
35 43 631
35 47 666
35 53 1051
35 59 14001
35 61 771
35 67 2696
35 71 841
35 73 1226
35 79 2416
35 83 1296
35 89 12951
35 97 16276
35 101 3326
35 103 5636
35 107 3046
35 109 2171
35 113 7141
35 127 9486
35 131 15891
35 137 3641
35 139 15366
35 149 1681
35 151 12391
35 157 8121
35 163 1751
35 167 2101
35 173 5671
35 179 1821
35 181 6476
35 191 2486
35 193 5566
35 197 4166
35 199 5741
35 211 4376
35 223 22471
35 227 3116
35 229 8576
35 233 3816
35 239 10361
35 241 2066
35 251 3431
35 257 7106
35 263 3991
35 269 28141
35 271 15261
35 277 26321
35 281 15891
35 283 9171
35 293 7421
35 307 6266
35 311 5461
35 313 4551
35 317 3536
35 331 9206
35 337 12916
35 347 14421
35 349 20546
35 353 19496
35 359 26671
35 367 2871
35 373 16451
35 379 3781
35 383 14526
35 389 6791
35 397 41476
35 401 34301
35 409 6581
35 419 24151
35 421 5356
35 431 8086
35 433 18796
35 439 17186
35 443 4831
35 449 19286
35 457 9661
35 461 19881
35 463 2031
35 467 3151
35 479 17606
35 487 28561
35 491 11481
35 499 6441
35 503 5706
35 509 11131
35 521 7316
35 523 2136
35 541 33636
35 547 24361
35 557 16451
35 563 18341
35 569 14491
35 571 48581
35 577 10081
35 587 27686
35 593 32411
35 599 8156
35 601 39166
35 607 11901
35 613 31221
35 617 3501
35 619 6686
35 631 91176
35 641 32516
35 643 8926
35 647 5111
35 653 69056
35 659 41196
35 661 2346
35 673 16766
35 677 55546
35 683 30346
35 691 13581
35 701 7666
35 709 4761
35 719 7281
35 727 12181
35 733 10396
35 739 89041
35 743 23591
35 751 55931
35 757 15401
35 761 16416
35 769 18796
35 773 4236
35 787 24536
35 797 16311
35 809 48126
35 811 15646
35 821 6756
35 823 7071
35 827 26076
35 829 23976
35 839 36786
35 853 55126
35 857 28281
35 859 18026
35 863 4411
35 877 18131
35 881 111266
35 883 18166
35 887 53096
35 907 2661
35 911 116761
35 919 4061
35 929 120926
35 937 35631
35 941 4096
35 947 5286
35 953 54041
35 967 13021
35 971 48371
35 977 139476
35 983 72521
35 991 124321
35 997 11061
35 1009 38081
35 1013 32621
35 1019 23591
35 1021 4691
35 1031 2801
35 1033 30031
35 1039 11201
35 1049 24816
35 1051 34231
35 1061 6091
35 1063 131986
35 1069 8541
35 1087 14281
35 1091 85226
35 1093 233661
35 1097 72836
35 1103 48126
35 1109 3746
35 1117 105456
35 1123 28456
35 1129 56281
35 1151 33671
35 1153 25236
35 1163 24221
35 1171 2941
35 1181 7246
35 1187 28106
35 1193 3851
35 1201 30521
35 1213 87396
35 1217 28106
35 1223 19076
35 1229 10676
35 1231 109411
35 1237 54111
35 1249 22821
35 1259 6966

m p n_1
36 41 937
36 43 649
36 47 685
36 53 1081
36 59 14401
36 61 793
36 67 2773
36 71 865
36 73 1261
36 79 2485
36 83 1333
36 89 13321
36 97 16741
36 101 3421
36 103 5797
36 107 3133
36 109 2233
36 113 7345
36 127 9757
36 131 16345
36 137 3745
36 139 15805
36 149 1729
36 151 12745
36 157 8353
36 163 1801
36 167 2161
36 173 5833
36 179 1873
36 181 6661
36 191 2557
36 193 5725
36 197 4285
36 199 5905
36 211 4501
36 223 23113
36 227 3205
36 229 8821
36 233 3925
36 239 10657
36 241 2125
36 251 3529
36 257 7309
36 263 4105
36 269 28945
36 271 15697
36 277 27073
36 281 16345
36 283 9433
36 293 7633
36 307 6445
36 311 5617
36 313 4681
36 317 3637
36 331 9469
36 337 13285
36 347 14833
36 349 21133
36 353 20053
36 359 27433
36 367 2953
36 373 16921
36 379 3889
36 383 14941
36 389 6985
36 397 42661
36 401 35281
36 409 6769
36 419 24841
36 421 5509
36 431 8317
36 433 19333
36 439 17677
36 443 4969
36 449 19837
36 457 9937
36 461 20449
36 463 2089
36 467 3241
36 479 18109
36 487 29377
36 491 11809
36 499 6625
36 503 5869
36 509 11449
36 521 7525
36 523 2197
36 541 34597
36 547 25057
36 557 16921
36 563 18865
36 569 14905
36 571 49969
36 577 10369
36 587 28477
36 593 33337
36 599 8389
36 601 40285
36 607 12241
36 613 32113
36 617 3601
36 619 6877
36 631 93781
36 641 33445
36 643 9181